9 : [0,0,0,0,0,0,0,0,0] x [t-A34-90CD1-11]
edges:
1;()|(0);()|(1)|();11
11 : [0,0,0,0,0,0,0,0,0] x [t-A34-90CD3-12]
edges:
1;()|(1);()|(2,4)|();14
14 : [0,0,0,0,0,0,0,0,0] x [t-A34-90CD4-13,t-A34-90CD5-15]
edges:
1;()|(2);(4)|(3)|();16
1;()|(2,4);()|(3,5)|();22
1;()|(4);(2)|(5)|();28
28 : [0,0,0,0,0,0,0,0,0] x [t-A34-90CD4-13,t-A34-90CD6-16]
edges:
2 : [0,0,0,0,0,0,0,0,0] x [t-A34-90CD4-13,t-A34-90CD7-17]
edges:
1;()|(2);(6)|(3)|();4
0;(6)|(2);()|(3)|(5);22
0;(6)|();(2)|()|(5);28
16 : [0,0,0,0,0,0,0,0,0] x [t-A34-90CD5-14,t-A34-90CD5-15]
edges:
1;()|(4);(3)|(5)|();22
0;(3)|(4);()|(5)|(2);28
22 : [0,0,0,0,0,0,0,0,0] x [t-A34-90CD5-14,t-A34-90CD6-16]
edges:
0;(3)|();(5)|()|(2);28
4 : [0,0,0,0,0,0,0,0,0] x [t-A34-90CD5-14,t-A34-90CD7-17]
edges:
1;()|(3,6);()|(7)|();7
0;(6)|();(3)|()|(5);22
0;(3,6)|();()|()|(2,5);28
7 : [0,0,0,0,0,0,0,0,0] x [t-A34-90CD7-18]
edges:
1;()|(7);()|(0)|();9