4 : [0,0,0,0,0] x [a,a,b,b]
edges:
1;()|(0,0,1,1);()|(2,2)|();10
1;()|(0,1);(0,1)|(2)|();17
1;(0,1)|();(0,1)|(3)|();46
0;()|(0,1);(0,1)|()|(3);46
1;(0,1)|(0,1);()|(2,3)|();49
0;()|(0,0,1,1);()|(2)|(3);49
1;(0,0,1,1)|();()|(3,3)|();68
0;(0,1)|(0,1);()|(3)|(3);68
0;()|(0,0,1,1);()|()|(3,3);68

17 : [0,0,0,0,0] x [a,b,c]
edges:
0;(2)|();(0,1)|()|(3);46
1;(0,1)|();(2)|(3)|();49
0;()|(0,1);(2)|()|(3);49
0;(0,1,2)|();()|(3)|(3);68
0;(2)|(0,1);()|()|(3,3);68

46 : [0,0,0,0,0] x [a,b,x]
edges:
1;(0,1)|(3);()|(2,3)|();49
1;()|(0,1);(3)|(2)|();49
1;(0,1)|();(3)|(3)|();68
0;()|(0,1);(3)|()|(3);68

10 : [0,0,0,0,0] x [c,c]
edges:
0;(2)|();(2)|()|(0,1);17
0;(2,2)|();()|()|(0,1,3);46
0;(2)|();(2)|()|(3);49
0;(2,2)|();()|()|(3,3);68

49 : [0,0,0,0,0] x [c,x]
edges:
0;(2)|();(3)|()|(3);68

68 : [0,0,0,0,0] x [x,x]
edges:
