4 : [0,0,0,0,0,0,0,0,0] x [t-48A0-26698-11,t-48A0-2669A-12]
edges:
1;()|(0);(1)|(2)|();6
1;()|(0,1);()|(2,3,4)|();9
1;()|(1);(0)|(3,4)|();38
38 : [0,0,0,0,0,0,0,0,0] x [t-48A0-26698-11,t-48A0-2669B-14,t-48A0-2669C-15]
edges:
6 : [0,0,0,0,0,0,0,0,0] x [t-48A0-2669A-12,t-48A0-2669A-13]
edges:
1;()|(1);(2)|(3,4)|();9
0;(2)|(1);()|(3,4)|(0);38
9 : [0,0,0,0,0,0,0,0,0] x [t-48A0-2669A-13,t-48A0-2669B-14,t-48A0-2669C-15]
edges:
1;()|(2,3,4);()|(5)|();13
0;(2)|();(3,4)|()|(0);38
13 : [0,0,0,0,0,0,0,0,0] x [t-48A0-2669C-16]
edges:
1 : [0,0,0,0,0,0,0,0,0] x [t-48A0-2669D-17]
edges:
1;()|(6);()|(0,1)|();4
0;(6)|();()|()|(5);13